179
283
268
235
253
236
295
103
153
193
129
220
8
287
144
213
125
86
176
276
206
130
36
192
106
252
184
266
208
239
115
204
81
54
136
31
202
110
126
216
272
18
199
271
240
249
142
163
256
106
9
197
137
98
281
124
27
148
247
79
12
12
12
236
164
93
204
60
213
188
95
157
136
208
171
171
255
15
125
82
154
233
106
299
159
185
274
254
62
185
252
88
88
93
34
226
223
149
124
63
288
210
26
85
137
107
174
219
108
15
117
212
196
298
12
207
45
110
58
165
75
5
36
211
36
161
239
4
199
211
204
205
196
235
229
290
248
74
252
131
78
29
36
12
83
10
28
18
97
116
114
263
198
283
209
66
149
133
94
142
53
248
128
142
112
15
223
41
219
185
4
70
116
231
244
179
249
225
269
7
14
78
128
64
167
268
37
42
297
43
259
107
20
21
150
262
126
246
244
115
147
216
96
262
279
202
66
240
59
104
94
105
247
188
227
157
226
203
184
48
98
293
250
103
31
167
259
2
126
282
117
298
220
300
246
80
33
122
288
125
262
31
11
54
115
216
199
43
11
219
139
136
60
180
65
274
117
70
27
144
64
141
14
263
237
160
291
205
29
234
26
12
139
118
60
240
207
44
281
253
208
205
217
3
94
106
103
288
285
289
25
78
286
171
77
219
103
212
118
66
63
90
278
249
111
279
64
195
57
273
222
34
84
50
33
58
210
249
237
196
166
280
15
248
145
200
123
140
98
47
280
144
100
259
39
148
228
80
265
178
84
213
227
214
195
265
48
179
80
221
183
163
246
77
218
167
288
256
23
270
25
292
279
165
181
226
299
156
234
165
229
131
24
136
168
141
67
272
199
30
183
294
226
279
163
256
263
112
212
167
151
191
225
36
235
59
100
254
18
199
6
156
223
207
123
18
80
100
156
80
94
63
20
5
235
139
85
178
296
189
104
132
115
85
275
41
216
94
63
23
267
208
66
226
273
174
9
143
119
199
279
223
190
192
5
135
241
3
60
195
82
76
49
166
257
254
158
19
253
191
210
50
55
106
70
53
197
102
45
289
8
234
220
283
40
41
133
259
202
231
44
40
266
43
215
227
232
124
5
194
127
206
226
178
20
187
73
244
7
207
47
189
48
230
114
181
218
166
221
277
131
186
298
294
124
240
215
107
63
22
220
229
130
296
215
241
204
58
64
234
93
191
183
67
113
156
3
49
120
56
225
220
10
222
71
16
173
69
43
10
62
29
167
33
105
152
157
208
299
58
185
163
276
141
148
41
207
11
70
170
35
108
33
121
71
138
243
162
70
23
181
296
240
104
248
46
53
111
39
95
266
56
115
125
141
12
211
218
215
289
46
104
300
70
229
277
254
116
58
173
179
7
290
102
80
288
142
93
224
241
53
257
135
122
34
95
39
79
237
242
9
121
189
273
220
271
236
72
44
224
219
31
212
125
63
243
192
81
130
113
79
106
282
257
172
69
166
225
74
270
284
140
241
290
247
37
69
218
133
180
178
2
69
4
51
55
168
181
139
291
83
71
23
98
149
204
230
278
85
27
54
171
80
22
211
14
287
35
163
267
146
46
229
220
241
158
38
284
255
175
240
166
39
236
222
151
51
67
67
191
211
15
123
2
67
174
3
117
101
106
13
75
217
242
164
210
281
239
145
130
38
198
149
292
243
40
88
24
58
273
44
183
71
136
266
176
127
9
2
265
192
281
247
121
242
87
182
77
254
243
116
35
164
141
206
168
67
5
239
268
197
264
96
207
233
67
192
28
176
111
186
183
128
51
109
8
89
158
16
275
14
148
288
27
140
80
165
65
9
154
40
255
203
145
279
13
128
193
187
220
240
136
87
41
276
117
137
134
293
65
122
75
61
32
80
71
248
26
98
245
158
292
11
195
249
295
190
46
131
254
247
120
4
104
34
21
9
1
106
140
118
207
238
291
64
257
165
178
229
44
170
267
241
59
117
220
250
163
263
17
129
175
182
58
231
253
68
253
188
246
59
140
200
297
116
89
164
231
212
3
145
155
193
165
44
268
228
144
144
129
145
246
260
60
99
54
64
77
130
236
22
182
205
209
165
68
29
173
245
252
4
10
111
3
157
197
203
104
58
204
245
147
135
83
221
273
55
128
95
133
30
118
295
272
290
268
222
49
160
41
193
112
29
16
109
106
225
70
79
110
75
63
169
261
11
6
164
87
90
72
117
30
83
270
77
31
250
25
125
21
57
118
215
192
55
207
173
177
218
50